image_width: 640
image_height: 480
camera_name: narrow_stereo/left
camera_matrix:
  rows: 3
  cols: 3
  data: [768.730858, 0.000000, 319.605968, 0.000000, 768.641687, 230.450986, 0.000000, 0.000000, 1.000000]
distortion_model: plumb_bob
distortion_coefficients:
  rows: 1
  cols: 5
  data: [-0.100859, 0.225807, 0.000750, 0.004669, 0.000000]
rectification_matrix:
  rows: 3
  cols: 3
  data: [0.999735, 0.001486, 0.022979, -0.001624, 0.999981, 0.005996, -0.022970, -0.006031, 0.999718]
projection_matrix:
  rows: 3
  cols: 4
  data: [784.113183, 0.000000, 310.458004, 0.000000, 0.000000, 784.113183, 231.013788, 0.000000, 0.000000, 0.000000, 1.000000, 0.000000]
