# oST version 5.0 parameters


[image]

width
640

height
480

[narrow_stereo/left]

camera matrix
768.730858 0.000000 319.605968
0.000000 768.641687 230.450986
0.000000 0.000000 1.000000

distortion
-0.100859 0.225807 0.000750 0.004669 0.000000

rectification
0.999735 0.001486 0.022979
-0.001624 0.999981 0.005996
-0.022970 -0.006031 0.999718

projection
784.113183 0.000000 310.458004 0.000000
0.000000 784.113183 231.013788 0.000000
0.000000 0.000000 1.000000 0.000000

# oST version 5.0 parameters


[image]

width
640

height
480

[narrow_stereo/right]

camera matrix
766.843062 0.000000 344.796003
0.000000 765.038210 230.765782
0.000000 0.000000 1.000000

distortion
-0.102910 0.131728 0.000932 0.004013 0.000000

rectification
0.999479 0.008141 0.031232
-0.007953 0.999950 -0.006139
-0.031281 0.005887 0.999493

projection
784.113183 0.000000 310.458004 -164.600935
0.000000 784.113183 231.013788 0.000000
0.000000 0.000000 1.000000 0.000000

